423000(2300000)
1418.157499000  0.000649706
1418.166874000  0.000649403
1418.176249000  0.000649598
1418.185624000  0.000649888
1418.194999000  0.000650758
1418.204374000  0.000652094
1418.213749000  0.000653296
1418.223124000  0.000653347
1418.232499000  0.000653577
1418.241874000  0.000655497
1418.251249000  0.000654917
1418.260624000  0.000655148
1418.269999000  0.000656078
1418.279374000  0.000655367
1418.288749000  0.000655965
1418.298124000  0.000656475
1418.307499000  0.000655942
1418.316874000  0.000656076
1418.326249000  0.000655993
1418.335624000  0.000656452
1418.344999000  0.000656295
1418.354374000  0.000656945
1418.363749000  0.000656729
1418.373124000  0.000656669
1418.382499000  0.000655960
1418.391874000  0.000656672
1418.401249000  0.000656230
1418.410624000  0.000656028
1418.419999000  0.000656265
1418.429374000  0.000656291
1418.438749000  0.000656971
1418.448124000  0.000656131
1418.457499000  0.000656547
1418.466874000  0.000668432
1418.476249000  0.000659318
1418.485624000  0.000655902
1418.494999000  0.000656952
1418.504374000  0.000656236
1418.513749000  0.000656783
1418.523124000  0.000656494
1418.532499000  0.000655972
1418.541874000  0.000655986
1418.551249000  0.000656189
1418.560624000  0.000656213
1418.569999000  0.000654645
1418.579374000  0.000655003
1418.588749000  0.000655484
1418.598124000  0.000655394
1418.607499000  0.000654619
1418.616874000  0.000654263
1418.626249000  0.000653758
1418.635624000  0.000653995
1418.644999000  0.000653576
1418.654374000  0.000652998
1418.663749000  0.000654011
1418.673124000  0.000653111
1418.682499000  0.000653469
1418.691874000  0.000652711
1418.701249000  0.000653660
1418.710624000  0.000652578
1418.719999000  0.000653370
1418.729374000  0.000653053
1418.738749000  0.000652361
1418.748124000  0.000652145
1418.757499000  0.000651918
1418.766874000  0.000652554
1418.776249000  0.000652659
1418.785624000  0.000652088
1418.794999000  0.000652550
1418.804374000  0.000651991
1418.813749000  0.000651580
1418.823124000  0.000650572
1418.832499000  0.000650707
1418.841874000  0.000651781
1418.851249000  0.000651167
1418.860624000  0.000651808
1418.869999000  0.000651349
1418.879374000  0.000650981
1418.888749000  0.000650706
1418.898124000  0.000650394
1418.907499000  0.000651063
1418.916874000  0.000650616
1418.926249000  0.000650353
1418.935624000  0.000650730
1418.944999000  0.000650053
1418.954374000  0.000649544
1418.963749000  0.000649733
1418.973124000  0.000650181
1418.982499000  0.000649699
1418.991874000  0.000649883
1419.001249000  0.000649069
1419.010624000  0.000649383
1419.019999000  0.000648413
1419.029374000  0.000649230
1419.038749000  0.000648726
1419.048124000  0.000648882
1419.057499000  0.000649241
1419.066874000  0.000648844
1419.076249000  0.000648239
1419.085624000  0.000648907
1419.094999000  0.000647936
1419.104374000  0.000648677
1419.113749000  0.000648306
1419.123124000  0.000647915
1419.132499000  0.000648191
1419.141874000  0.000647957
1419.151249000  0.000647125
1419.160624000  0.000647593
1419.169999000  0.000647325
1419.179374000  0.000647786
1419.188749000  0.000647096
1419.198124000  0.000646848
1419.207499000  0.000646791
1419.216874000  0.000645836
1419.226249000  0.000647206
1419.235624000  0.000646313
1419.244999000  0.000647304
1419.254374000  0.000646587
1419.263749000  0.000646814
1419.273124000  0.000647016
1419.282499000  0.000646469
1419.291874000  0.000645158
1419.301249000  0.000645539
1419.310624000  0.000645422
1419.319999000  0.000645249
1419.329374000  0.000645166
1419.338749000  0.000645402
1419.348124000  0.000645103
1419.357499000  0.000645876
1419.366874000  0.000644332
1419.376249000  0.000644552
1419.385624000  0.000645299
1419.394999000  0.000645863
1419.404374000  0.000644461
1419.413749000  0.000643441
1419.423124000  0.000644166
1419.432499000  0.000644550
1419.441874000  0.000644849
1419.451249000  0.000644156
1419.460624000  0.000644104
1419.469999000  0.000643883
1419.479374000  0.000643382
1419.488749000  0.000643775
1419.498124000  0.000643569
1419.507499000  0.000643597
1419.516874000  0.000643422
1419.526249000  0.000643414
1419.535624000  0.000642398
1419.544999000  0.000642687
1419.554374000  0.000642806
1419.563749000  0.000643296
1419.573124000  0.000642820
1419.582499000  0.000642605
1419.591874000  0.000642519
1419.601249000  0.000641908
1419.610624000  0.000642324
1419.619999000  0.000642428
1419.629374000  0.000641421
1419.638749000  0.000642834
1419.648124000  0.000642028
1419.657499000  0.000641163
1419.666874000  0.000641813
1419.676249000  0.000641965
1419.685624000  0.000642067
1419.694999000  0.000641114
1419.704374000  0.000640976
1419.713749000  0.000641289
1419.723124000  0.000641374
1419.732499000  0.000641456
1419.741874000  0.000642251
1419.751249000  0.000642215
1419.760624000  0.000640635
1419.769999000  0.000639693
1419.779374000  0.000639814
1419.788749000  0.000639978
1419.798124000  0.000640320
1419.807499000  0.000638690
1419.816874000  0.000640431
1419.826249000  0.000639742
1419.835624000  0.000639608
1419.844999000  0.000639579
1419.854374000  0.000639938
1419.863749000  0.000639462
1419.873124000  0.000638914
1419.882499000  0.000638622
1419.891874000  0.000638317
1419.901249000  0.000638671
1419.910624000  0.000638596
1419.919999000  0.000638570
1419.929374000  0.000637508
1419.938749000  0.000638257
1419.948124000  0.000629862
1419.957499000  0.000638552
1419.966874000  0.000638336
1419.976249000  0.000639529
1419.985624000  0.000643037
1419.994999000  0.000732187
1420.004374000  0.000650680
1420.013749000  0.000640292
1420.023124000  0.000637523
1420.032499000  0.000637393
1420.041874000  0.000638656
1420.051249000  0.000638790
1420.060624000  0.000637696
1420.069999000  0.000637803
1420.079374000  0.000637677
1420.088749000  0.000637629
1420.098124000  0.000637319
1420.107499000  0.000637331
1420.116874000  0.000636677
1420.126249000  0.000636569
1420.135624000  0.000637186
1420.144999000  0.000638350
1420.154374000  0.000637840
1420.163749000  0.000637419
1420.173124000  0.000635978
1420.182499000  0.000637169
1420.191874000  0.000637589
1420.201249000  0.000636517
1420.210624000  0.000636982
1420.219999000  0.000637379
1420.229374000  0.000638272
1420.238749000  0.000637180
1420.248124000  0.000643557
1420.257499000  0.000637761
1420.266874000  0.000638452
1420.276249000  0.000639715
1420.285624000  0.000640879
1420.294999000  0.000642878
1420.304374000  0.000644068
1420.313749000  0.000645586
1420.323124000  0.000648951
1420.332499000  0.000651959
1420.341874000  0.000655659
1420.351249000  0.000660977
1420.360624000  0.000666975
1420.369999000  0.000670809
1420.379374000  0.000673084
1420.388749000  0.000674857
1420.398124000  0.000676852
1420.407499000  0.000676953
1420.416874000  0.000677398
1420.426249000  0.000676693
1420.435624000  0.000675405
1420.444999000  0.000673792
1420.454374000  0.000671091
1420.463749000  0.000667358
1420.473124000  0.000663493
1420.482499000  0.000659626
1420.491874000  0.000656676
1420.501249000  0.000654827
1420.510624000  0.000653883
1420.519999000  0.000651592
1420.529374000  0.000649863
1420.538749000  0.000648153
1420.548124000  0.000648946

