5000(1400000)
1419.200000000  0.000464017
1419.209375000  0.000463476
1419.218750000  0.000464155
1419.228125000  0.000464978
1419.237500000  0.000464932
1419.246875000  0.000465520
1419.256250000  0.000463544
1419.265625000  0.000465867
1419.275000000  0.000465906
1419.284375000  0.000465907
1419.293750000  0.000465456
1419.303125000  0.000465815
1419.312500000  0.000466074
1419.321875000  0.000466775
1419.331250000  0.000466628
1419.340625000  0.000466720
1419.350000000  0.000466582
1419.359375000  0.000466130
1419.368750000  0.000466323
1419.378125000  0.000466097
1419.387500000  0.000466713
1419.396875000  0.000466429
1419.406250000  0.000466027
1419.415625000  0.000466431
1419.425000000  0.000466695
1419.434375000  0.000466207
1419.443750000  0.000465906
1419.453125000  0.000466075
1419.462500000  0.000466367
1419.471875000  0.000466408
1419.481250000  0.000466356
1419.490625000  0.000466169
1419.500000000  0.000466093
1419.509375000  0.000466094
1419.518750000  0.000465739
1419.528125000  0.000466381
1419.537500000  0.000465836
1419.546875000  0.000466039
1419.556250000  0.000465572
1419.565625000  0.000465887
1419.575000000  0.000465603
1419.584375000  0.000465505
1419.593750000  0.000466153
1419.603125000  0.000465961
1419.612500000  0.000466302
1419.621875000  0.000465935
1419.631250000  0.000465717
1419.640625000  0.000466241
1419.650000000  0.000465675
1419.659375000  0.000465718
1419.668750000  0.000465634
1419.678125000  0.000465340
1419.687500000  0.000464844
1419.696875000  0.000465650
1419.706250000  0.000465439
1419.715625000  0.000465819
1419.725000000  0.000465562
1419.734375000  0.000465122
1419.743750000  0.000466469
1419.753125000  0.000465792
1419.762500000  0.000465659
1419.771875000  0.000465424
1419.781250000  0.000465787
1419.790625000  0.000465201
1419.800000000  0.000464944
1419.809375000  0.000465596
1419.818750000  0.000464817
1419.828125000  0.000465039
1419.837500000  0.000465196
1419.846875000  0.000465282
1419.856250000  0.000465841
1419.865625000  0.000465225
1419.875000000  0.000464754
1419.884375000  0.000465161
1419.893750000  0.000465165
1419.903125000  0.000464869
1419.912500000  0.000465066
1419.921875000  0.000465089
1419.931250000  0.000465174
1419.940625000  0.000464569
1419.950000000  0.000459428
1419.959375000  0.000465292
1419.968750000  0.000464878
1419.978125000  0.000464729
1419.987500000  0.000465001
1419.996875000  0.000485024
1420.006250000  0.000465326
1420.015625000  0.000465660
1420.025000000  0.000464518
1420.034375000  0.000465338
1420.043750000  0.000465262
1420.053125000  0.000465097
1420.062500000  0.000465231
1420.071875000  0.000463153
1420.081250000  0.000464493
1420.090625000  0.000465290
1420.100000000  0.000465136
1420.109375000  0.000464966
1420.118750000  0.000465606
1420.128125000  0.000465695
1420.137500000  0.000464343
1420.146875000  0.000465256
1420.156250000  0.000465990
1420.165625000  0.000464996
1420.175000000  0.000460329
1420.184375000  0.000465053
1420.193750000  0.000465092
1420.203125000  0.000465394
1420.212500000  0.000465723
1420.221875000  0.000466320
1420.231250000  0.000465697
1420.240625000  0.000466390
1420.250000000  0.000467984
1420.259375000  0.000468133
1420.268750000  0.000468103
1420.278125000  0.000469378
1420.287500000  0.000470953
1420.296875000  0.000471716
1420.306250000  0.000472287
1420.315625000  0.000472903
1420.325000000  0.000472573
1420.334375000  0.000472260
1420.343750000  0.000472129
1420.353125000  0.000470299
1420.362500000  0.000469392
1420.371875000  0.000468410
1420.381250000  0.000467411
1420.390625000  0.000466902
1420.400000000  0.000466426
1420.409375000  0.000466586
1420.418750000  0.000466068
1420.428125000  0.000465594
1420.437500000  0.000466267
1420.446875000  0.000465692
1420.456250000  0.000465203
1420.465625000  0.000465297
1420.475000000  0.000465147
1420.484375000  0.000465222
1420.493750000  0.000465490
1420.503125000  0.000465070
1420.512500000  0.000464891
1420.521875000  0.000464880
1420.531250000  0.000464908
1420.540625000  0.000463931
1420.550000000  0.000463890
1420.559375000  0.000464174
1420.568750000  0.000463696
1420.578125000  0.000463571
1420.587500000  0.000463951
1420.596875000  0.000463980
1420.606250000  0.000463887
1420.615625000  0.000463522
1420.625000000  0.000463808
1420.634375000  0.000463253
1420.643750000  0.000463901
1420.653125000  0.000463075
1420.662500000  0.000463886
1420.671875000  0.000463311
1420.681250000  0.000463164
1420.690625000  0.000462601
1420.700000000  0.000463609
1420.709375000  0.000462830
1420.718750000  0.000462659
1420.728125000  0.000463658
1420.737500000  0.000462159
1420.746875000  0.000463114
1420.756250000  0.000462875
1420.765625000  0.000462277
1420.775000000  0.000462826
1420.784375000  0.000462531
1420.793750000  0.000464527
1420.803125000  0.000474133
1420.812500000  0.000462727
1420.821875000  0.000462804
1420.831250000  0.000462879
1420.840625000  0.000462622
1420.850000000  0.000462963
1420.859375000  0.000462754
1420.868750000  0.000461799
1420.878125000  0.000462076
1420.887500000  0.000462166
1420.896875000  0.000462348
1420.906250000  0.000461874
1420.915625000  0.000461805
1420.925000000  0.000461931
1420.934375000  0.000462670
1420.943750000  0.000461889
1420.953125000  0.000461586
1420.962500000  0.000461845
1420.971875000  0.000461607
1420.981250000  0.000461764
1420.990625000  0.000462007
1421.000000000  0.000462347
1421.009375000  0.000461812
1421.018750000  0.000462117
1421.028125000  0.000461847
1421.037500000  0.000461559
1421.046875000  0.000461691
1421.056250000  0.000461343
1421.065625000  0.000461780
1421.075000000  0.000460888
1421.084375000  0.000461391
1421.093750000  0.000461313
1421.103125000  0.000461422
1421.112500000  0.000461507
1421.121875000  0.000461554
1421.131250000  0.000460987
1421.140625000  0.000461288
1421.150000000  0.000461458
1421.159375000  0.000460627
1421.168750000  0.000461155
1421.178125000  0.000461333
1421.187500000  0.000461369
1421.196875000  0.000461358
1421.206250000  0.000461167
1421.215625000  0.000461163
1421.225000000  0.000460748
1421.234375000  0.000460562
1421.243750000  0.000461257
1421.253125000  0.000460631
1421.262500000  0.000461191
1421.271875000  0.000460706
1421.281250000  0.000461028
1421.290625000  0.000460847
1421.300000000  0.000460472
1421.309375000  0.000460016
1421.318750000  0.000460710
1421.328125000  0.000459826
1421.337500000  0.000460621
1421.346875000  0.000460440
1421.356250000  0.000460747
1421.365625000  0.000459770
1421.375000000  0.000460368
1421.384375000  0.000460400
1421.393750000  0.000460462
1421.403125000  0.000460642
1421.412500000  0.000460137
1421.421875000  0.000460162
1421.431250000  0.000460688
1421.440625000  0.000460462
1421.450000000  0.000459599
1421.459375000  0.000461047
1421.468750000  0.000460855
1421.478125000  0.000461079
1421.487500000  0.000460630
1421.496875000  0.000460915
1421.506250000  0.000460735
1421.515625000  0.000461286
1421.525000000  0.000461247
1421.534375000  0.000461437
1421.543750000  0.000462301
1421.553125000  0.000462208
1421.562500000  0.000462298
1421.571875000  0.000462952
1421.581250000  0.000463318
1421.590625000  0.000463319

