443780(500000)
1418.912500000  0.000019274
1418.921875000  0.000019279
1418.931250000  0.000019264
1418.940625000  0.000019266
1418.950000000  0.000019180
1418.959375000  0.000019198
1418.968750000  0.000019198
1418.978125000  0.000019163
1418.987500000  0.000019156
1418.996875000  0.000019149
1419.006250000  0.000019116
1419.015625000  0.000019097
1419.025000000  0.000019113
1419.034375000  0.000019080
1419.043750000  0.000019059
1419.053125000  0.000019039
1419.062500000  0.000019042
1419.071875000  0.000019046
1419.081250000  0.000018978
1419.090625000  0.000018977
1419.100000000  0.000018966
1419.109375000  0.000019005
1419.118750000  0.000018971
1419.128125000  0.000018963
1419.137500000  0.000018965
1419.146875000  0.000018961
1419.156250000  0.000018958
1419.165625000  0.000018926
1419.175000000  0.000018958
1419.184375000  0.000018890
1419.193750000  0.000018879
1419.203125000  0.000018898
1419.212500000  0.000018909
1419.221875000  0.000018913
1419.231250000  0.000018905
1419.240625000  0.000018906
1419.250000000  0.000018907
1419.259375000  0.000018900
1419.268750000  0.000018880
1419.278125000  0.000018885
1419.287500000  0.000018854
1419.296875000  0.000018883
1419.306250000  0.000018927
1419.315625000  0.000018902
1419.325000000  0.000018871
1419.334375000  0.000018892
1419.343750000  0.000018854
1419.353125000  0.000018896
1419.362500000  0.000018853
1419.371875000  0.000018844
1419.381250000  0.000018882
1419.390625000  0.000018886
1419.400000000  0.000018865
1419.409375000  0.000018913
1419.418750000  0.000018877
1419.428125000  0.000018897
1419.437500000  0.000018882
1419.446875000  0.000018891
1419.456250000  0.000018934
1419.465625000  0.000018899
1419.475000000  0.000018864
1419.484375000  0.000018903
1419.493750000  0.000018884
1419.503125000  0.000018885
1419.512500000  0.000018887
1419.521875000  0.000018880
1419.531250000  0.000018875
1419.540625000  0.000018832
1419.550000000  0.000018932
1419.559375000  0.000018919
1419.568750000  0.000018885
1419.578125000  0.000018906
1419.587500000  0.000018921
1419.596875000  0.000018875
1419.606250000  0.000018895
1419.615625000  0.000018930
1419.625000000  0.000018898
1419.634375000  0.000018906
1419.643750000  0.000018869
1419.653125000  0.000018917
1419.662500000  0.000018882
1419.671875000  0.000018899
1419.681250000  0.000018923
1419.690625000  0.000018912
1419.700000000  0.000018905
1419.709375000  0.000018918
1419.718750000  0.000018903
1419.728125000  0.000018943
1419.737500000  0.000018890
1419.746875000  0.000018909
1419.756250000  0.000018958
1419.765625000  0.000018938
1419.775000000  0.000018906
1419.784375000  0.000018926
1419.793750000  0.000018892
1419.803125000  0.000018896
1419.812500000  0.000018949
1419.821875000  0.000018935
1419.831250000  0.000018931
1419.840625000  0.000018951
1419.850000000  0.000019430
1419.859375000  0.000018958
1419.868750000  0.000018961
1419.878125000  0.000018971
1419.887500000  0.000018960
1419.896875000  0.000018964
1419.906250000  0.000018934
1419.915625000  0.000019009
1419.925000000  0.000018974
1419.934375000  0.000018970
1419.943750000  0.000018963
1419.953125000  0.000018982
1419.962500000  0.000018987
1419.971875000  0.000018990
1419.981250000  0.000018948
1419.990625000  0.000018949
1420.000000000  0.000019013
1420.009375000  0.000018928
1420.018750000  0.000018953
1420.028125000  0.000018956
1420.037500000  0.000018982
1420.046875000  0.000019006
1420.056250000  0.000018999
1420.065625000  0.000018971
1420.075000000  0.000018975
1420.084375000  0.000018989
1420.093750000  0.000018953
1420.103125000  0.000018919
1420.112500000  0.000018028
1420.121875000  0.000018737
1420.131250000  0.000018994
1420.140625000  0.000018992
1420.150000000  0.000018981
1420.159375000  0.000019022
1420.168750000  0.000018980
1420.178125000  0.000019032
1420.187500000  0.000018980
1420.196875000  0.000019041
1420.206250000  0.000018987
1420.215625000  0.000018990
1420.225000000  0.000019012
1420.234375000  0.000019041
1420.243750000  0.000019039
1420.253125000  0.000019019
1420.262500000  0.000019041
1420.271875000  0.000019061
1420.281250000  0.000019043
1420.290625000  0.000019065
1420.300000000  0.000019062
1420.309375000  0.000019089
1420.318750000  0.000019059
1420.328125000  0.000019067
1420.337500000  0.000019106
1420.346875000  0.000019070
1420.356250000  0.000019077
1420.365625000  0.000019043
1420.375000000  0.000019028
1420.384375000  0.000019001
1420.393750000  0.000019034
1420.403125000  0.000019049
1420.412500000  0.000019063
1420.421875000  0.000019033
1420.431250000  0.000019066
1420.440625000  0.000019024
1420.450000000  0.000019053
1420.459375000  0.000019041
1420.468750000  0.000019055
1420.478125000  0.000019048
1420.487500000  0.000019048
1420.496875000  0.000019041
1420.506250000  0.000019051
1420.515625000  0.000019058
1420.525000000  0.000019021
1420.534375000  0.000019052
1420.543750000  0.000019041
1420.553125000  0.000019043
1420.562500000  0.000019088
1420.571875000  0.000019034
1420.581250000  0.000019044
1420.590625000  0.000019079
1420.600000000  0.000019069
1420.609375000  0.000019038
1420.618750000  0.000019096
1420.628125000  0.000019062
1420.637500000  0.000019033
1420.646875000  0.000019087
1420.656250000  0.000019031
1420.665625000  0.000019056
1420.675000000  0.000019052
1420.684375000  0.000019063
1420.693750000  0.000019053
1420.703125000  0.000019022
1420.712500000  0.000019030
1420.721875000  0.000019027
1420.731250000  0.000019055
1420.740625000  0.000019068
1420.750000000  0.000019080
1420.759375000  0.000019076
1420.768750000  0.000019064
1420.778125000  0.000019087
1420.787500000  0.000019167
1420.796875000  0.000020632
1420.806250000  0.000019290
1420.815625000  0.000019108
1420.825000000  0.000019122
1420.834375000  0.000019092
1420.843750000  0.000019108
1420.853125000  0.000019099
1420.862500000  0.000019095
1420.871875000  0.000019093
1420.881250000  0.000019093
1420.890625000  0.000019114
1420.900000000  0.000019064
1420.909375000  0.000019057
1420.918750000  0.000019080
1420.928125000  0.000019088
1420.937500000  0.000019119
1420.946875000  0.000019091
1420.956250000  0.000019111
1420.965625000  0.000019096
1420.975000000  0.000019111
1420.984375000  0.000019115
1420.993750000  0.000019108
1421.003125000  0.000019105
1421.012500000  0.000019121
1421.021875000  0.000019122
1421.031250000  0.000019109
1421.040625000  0.000019128
1421.050000000  0.000019145
1421.059375000  0.000019137
1421.068750000  0.000019175
1421.078125000  0.000019158
1421.087500000  0.000019165
1421.096875000  0.000019190
1421.106250000  0.000019210
1421.115625000  0.000019199
1421.125000000  0.000019232
1421.134375000  0.000019209
1421.143750000  0.000019194
1421.153125000  0.000019239
1421.162500000  0.000019250
1421.171875000  0.000019238
1421.181250000  0.000019268
1421.190625000  0.000019295
1421.200000000  0.000019296
1421.209375000  0.000019277
1421.218750000  0.000019013
1421.228125000  0.000019267
1421.237500000  0.000019303
1421.246875000  0.000019301
1421.256250000  0.000019335
1421.265625000  0.000019273
1421.275000000  0.000019356
1421.284375000  0.000019295
1421.293750000  0.000019325
1421.303125000  0.000019275

