103230(500000)
1418.912500000  0.000020692
1418.921875000  0.000020663
1418.931250000  0.000020596
1418.940625000  0.000020548
1418.950000000  0.000020513
1418.959375000  0.000020459
1418.968750000  0.000020376
1418.978125000  0.000020391
1418.987500000  0.000020316
1418.996875000  0.000020261
1419.006250000  0.000020277
1419.015625000  0.000020234
1419.025000000  0.000020195
1419.034375000  0.000020225
1419.043750000  0.000020207
1419.053125000  0.000020162
1419.062500000  0.000020167
1419.071875000  0.000020092
1419.081250000  0.000020125
1419.090625000  0.000020140
1419.100000000  0.000020153
1419.109375000  0.000020118
1419.118750000  0.000020134
1419.128125000  0.000020164
1419.137500000  0.000020123
1419.146875000  0.000020122
1419.156250000  0.000020140
1419.165625000  0.000020123
1419.175000000  0.000020136
1419.184375000  0.000020118
1419.193750000  0.000020130
1419.203125000  0.000020096
1419.212500000  0.000020103
1419.221875000  0.000020151
1419.231250000  0.000020136
1419.240625000  0.000020109
1419.250000000  0.000020077
1419.259375000  0.000020092
1419.268750000  0.000020117
1419.278125000  0.000020118
1419.287500000  0.000020148
1419.296875000  0.000020127
1419.306250000  0.000020156
1419.315625000  0.000020139
1419.325000000  0.000020139
1419.334375000  0.000020108
1419.343750000  0.000020107
1419.353125000  0.000020120
1419.362500000  0.000020141
1419.371875000  0.000020120
1419.381250000  0.000020145
1419.390625000  0.000020104
1419.400000000  0.000020121
1419.409375000  0.000020141
1419.418750000  0.000020123
1419.428125000  0.000020134
1419.437500000  0.000020137
1419.446875000  0.000020107
1419.456250000  0.000020078
1419.465625000  0.000020156
1419.475000000  0.000020095
1419.484375000  0.000020104
1419.493750000  0.000020103
1419.503125000  0.000020132
1419.512500000  0.000020150
1419.521875000  0.000020126
1419.531250000  0.000020119
1419.540625000  0.000020127
1419.550000000  0.000020143
1419.559375000  0.000020145
1419.568750000  0.000020050
1419.578125000  0.000020090
1419.587500000  0.000020127
1419.596875000  0.000020087
1419.606250000  0.000020116
1419.615625000  0.000020106
1419.625000000  0.000020137
1419.634375000  0.000020125
1419.643750000  0.000020126
1419.653125000  0.000020080
1419.662500000  0.000020103
1419.671875000  0.000020081
1419.681250000  0.000020074
1419.690625000  0.000020139
1419.700000000  0.000020117
1419.709375000  0.000020116
1419.718750000  0.000020095
1419.728125000  0.000020100
1419.737500000  0.000020102
1419.746875000  0.000020100
1419.756250000  0.000020147
1419.765625000  0.000020096
1419.775000000  0.000020135
1419.784375000  0.000020152
1419.793750000  0.000020142
1419.803125000  0.000020108
1419.812500000  0.000020129
1419.821875000  0.000020096
1419.831250000  0.000020125
1419.840625000  0.000020116
1419.850000000  0.000020146
1419.859375000  0.000020108
1419.868750000  0.000020105
1419.878125000  0.000020112
1419.887500000  0.000020138
1419.896875000  0.000020148
1419.906250000  0.000020125
1419.915625000  0.000020129
1419.925000000  0.000020120
1419.934375000  0.000020112
1419.943750000  0.000020102
1419.953125000  0.000020115
1419.962500000  0.000020114
1419.971875000  0.000020160
1419.981250000  0.000020138
1419.990625000  0.000020104
1420.000000000  0.000020188
1420.009375000  0.000020186
1420.018750000  0.000020128
1420.028125000  0.000020172
1420.037500000  0.000020135
1420.046875000  0.000020168
1420.056250000  0.000020146
1420.065625000  0.000020178
1420.075000000  0.000020221
1420.084375000  0.000020147
1420.093750000  0.000020165
1420.103125000  0.000020176
1420.112500000  0.000020189
1420.121875000  0.000020206
1420.131250000  0.000020216
1420.140625000  0.000020190
1420.150000000  0.000020176
1420.159375000  0.000020183
1420.168750000  0.000020212
1420.178125000  0.000020249
1420.187500000  0.000020175
1420.196875000  0.000020210
1420.206250000  0.000020182
1420.215625000  0.000020169
1420.225000000  0.000020173
1420.234375000  0.000020181
1420.243750000  0.000020180
1420.253125000  0.000020225
1420.262500000  0.000020199
1420.271875000  0.000020213
1420.281250000  0.000020193
1420.290625000  0.000020235
1420.300000000  0.000020224
1420.309375000  0.000020207
1420.318750000  0.000020250
1420.328125000  0.000020246
1420.337500000  0.000020226
1420.346875000  0.000020234
1420.356250000  0.000020228
1420.365625000  0.000020218
1420.375000000  0.000020218
1420.384375000  0.000020207
1420.393750000  0.000020203
1420.403125000  0.000020235
1420.412500000  0.000020197
1420.421875000  0.000020268
1420.431250000  0.000020204
1420.440625000  0.000020275
1420.450000000  0.000020247
1420.459375000  0.000020283
1420.468750000  0.000020237
1420.478125000  0.000020242
1420.487500000  0.000020284
1420.496875000  0.000020307
1420.506250000  0.000020301
1420.515625000  0.000020314
1420.525000000  0.000020348
1420.534375000  0.000020368
1420.543750000  0.000020385
1420.553125000  0.000020415
1420.562500000  0.000020397
1420.571875000  0.000020450
1420.581250000  0.000020451
1420.590625000  0.000020460
1420.600000000  0.000020585
1420.609375000  0.000020573
1420.618750000  0.000020640
1420.628125000  0.000020646
1420.637500000  0.000020687
1420.646875000  0.000020713
1420.656250000  0.000020772
1420.665625000  0.000020755
1420.675000000  0.000020801
1420.684375000  0.000020857
1420.693750000  0.000020907
1420.703125000  0.000020964
1420.712500000  0.000020983
1420.721875000  0.000021001
1420.731250000  0.000021067
1420.740625000  0.000021135
1420.750000000  0.000021167
1420.759375000  0.000021167
1420.768750000  0.000021217
1420.778125000  0.000021238
1420.787500000  0.000021344
1420.796875000  0.000021505
1420.806250000  0.000021403
1420.815625000  0.000021426
1420.825000000  0.000021438
1420.834375000  0.000021478
1420.843750000  0.000021522
1420.853125000  0.000021507
1420.862500000  0.000021498
1420.871875000  0.000021533
1420.881250000  0.000021543
1420.890625000  0.000021541
1420.900000000  0.000021538
1420.909375000  0.000021549
1420.918750000  0.000021556
1420.928125000  0.000021561
1420.937500000  0.000021524
1420.946875000  0.000021545
1420.956250000  0.000021498
1420.965625000  0.000021487
1420.975000000  0.000021519
1420.984375000  0.000021494
1420.993750000  0.000021514
1421.003125000  0.000021512
1421.012500000  0.000021459
1421.021875000  0.000021500
1421.031250000  0.000021458
1421.040625000  0.000021503
1421.050000000  0.000021513
1421.059375000  0.000021481
1421.068750000  0.000021482
1421.078125000  0.000021467
1421.087500000  0.000021418
1421.096875000  0.000021479
1421.106250000  0.000021410
1421.115625000  0.000021477
1421.125000000  0.000021417
1421.134375000  0.000021406
1421.143750000  0.000021460
1421.153125000  0.000021391
1421.162500000  0.000021391
1421.171875000  0.000021324
1421.181250000  0.000021329
1421.190625000  0.000021325
1421.200000000  0.000021256
1421.209375000  0.000021239
1421.218750000  0.000021182
1421.228125000  0.000021246
1421.237500000  0.000021100
1421.246875000  0.000021071
1421.256250000  0.000021055
1421.265625000  0.000021009
1421.275000000  0.000020965
1421.284375000  0.000020903
1421.293750000  0.000020820
1421.303125000  0.000020765

