206880(500000)
1419.597500000  0.000020205
1419.606875000  0.000020195
1419.616250000  0.000020187
1419.625625000  0.000020177
1419.635000000  0.000020141
1419.644375000  0.000020152
1419.653750000  0.000020137
1419.663125000  0.000020155
1419.672500000  0.000020166
1419.681875000  0.000020154
1419.691250000  0.000020140
1419.700625000  0.000020112
1419.710000000  0.000020147
1419.719375000  0.000020098
1419.728750000  0.000020128
1419.738125000  0.000020146
1419.747500000  0.000020101
1419.756875000  0.000020173
1419.766250000  0.000020097
1419.775625000  0.000020120
1419.785000000  0.000020098
1419.794375000  0.000020155
1419.803750000  0.000020143
1419.813125000  0.000020145
1419.822500000  0.000020158
1419.831875000  0.000020168
1419.841250000  0.000020136
1419.850625000  0.000020147
1419.860000000  0.000020182
1419.869375000  0.000020132
1419.878750000  0.000020138
1419.888125000  0.000020130
1419.897500000  0.000020193
1419.906875000  0.000020170
1419.916250000  0.000020166
1419.925625000  0.000020188
1419.935000000  0.000020193
1419.944375000  0.000020152
1419.953750000  0.000020168
1419.963125000  0.000020176
1419.972500000  0.000020145
1419.981875000  0.000020181
1419.991250000  0.000020205
1420.000625000  0.000020243
1420.010000000  0.000020183
1420.019375000  0.000020206
1420.028750000  0.000020153
1420.038125000  0.000020189
1420.047500000  0.000020172
1420.056875000  0.000020150
1420.066250000  0.000020176
1420.075625000  0.000020183
1420.085000000  0.000020203
1420.094375000  0.000020226
1420.103750000  0.000020217
1420.113125000  0.000020201
1420.122500000  0.000020215
1420.131875000  0.000020222
1420.141250000  0.000020253
1420.150625000  0.000020181
1420.160000000  0.000020208
1420.169375000  0.000020255
1420.178750000  0.000020236
1420.188125000  0.000020265
1420.197500000  0.000020264
1420.206875000  0.000020243
1420.216250000  0.000020253
1420.225625000  0.000020247
1420.235000000  0.000020310
1420.244375000  0.000020296
1420.253750000  0.000020300
1420.263125000  0.000020319
1420.272500000  0.000020339
1420.281875000  0.000020288
1420.291250000  0.000020342
1420.300625000  0.000020373
1420.310000000  0.000020364
1420.319375000  0.000020388
1420.328750000  0.000020369
1420.338125000  0.000020411
1420.347500000  0.000020392
1420.356875000  0.000020435
1420.366250000  0.000020448
1420.375625000  0.000020438
1420.385000000  0.000020440
1420.394375000  0.000020452
1420.403750000  0.000020486
1420.413125000  0.000020547
1420.422500000  0.000020542
1420.431875000  0.000020580
1420.441250000  0.000020621
1420.450625000  0.000020641
1420.460000000  0.000020620
1420.469375000  0.000020665
1420.478750000  0.000020711
1420.488125000  0.000020712
1420.497500000  0.000020777
1420.506875000  0.000020775
1420.516250000  0.000020827
1420.525625000  0.000020847
1420.535000000  0.000020874
1420.544375000  0.000020930
1420.553750000  0.000020963
1420.563125000  0.000020981
1420.572500000  0.000021046
1420.581875000  0.000021031
1420.591250000  0.000021082
1420.600625000  0.000021163
1420.610000000  0.000021131
1420.619375000  0.000021212
1420.628750000  0.000021204
1420.638125000  0.000021257
1420.647500000  0.000021340
1420.656875000  0.000021385
1420.666250000  0.000021390
1420.675625000  0.000021397
1420.685000000  0.000021502
1420.694375000  0.000021506
1420.703750000  0.000021561
1420.713125000  0.000021648
1420.722500000  0.000021680
1420.731875000  0.000021774
1420.741250000  0.000021794
1420.750625000  0.000021785
1420.760000000  0.000021845
1420.769375000  0.000021940
1420.778750000  0.000021994
1420.788125000  0.000021996
1420.797500000  0.000021682
1420.806875000  0.000022017
1420.816250000  0.000022216
1420.825625000  0.000022241
1420.835000000  0.000022302
1420.844375000  0.000022370
1420.853750000  0.000022465
1420.863125000  0.000022506
1420.872500000  0.000022552
1420.881875000  0.000022625
1420.891250000  0.000022616
1420.900625000  0.000022706
1420.910000000  0.000022821
1420.919375000  0.000022841
1420.928750000  0.000022865
1420.938125000  0.000022960
1420.947500000  0.000023000
1420.956875000  0.000023049
1420.966250000  0.000023140
1420.975625000  0.000023211
1420.985000000  0.000023251
1420.994375000  0.000023297
1421.003750000  0.000023316
1421.013125000  0.000023331
1421.022500000  0.000023437
1421.031875000  0.000023424
1421.041250000  0.000023452
1421.050625000  0.000023514
1421.060000000  0.000023503
1421.069375000  0.000023552
1421.078750000  0.000023612
1421.088125000  0.000023588
1421.097500000  0.000023671
1421.106875000  0.000023598
1421.116250000  0.000023619
1421.125625000  0.000023572
1421.135000000  0.000023625
1421.144375000  0.000023608
1421.153750000  0.000023612
1421.163125000  0.000023606
1421.172500000  0.000023595
1421.181875000  0.000023630
1421.191250000  0.000023597
1421.200625000  0.000023631
1421.210000000  0.000023604
1421.219375000  0.000023622
1421.228750000  0.000023624
1421.238125000  0.000023636
1421.247500000  0.000023639
1421.256875000  0.000023582
1421.266250000  0.000023609
1421.275625000  0.000023628
1421.285000000  0.000023627
1421.294375000  0.000023561
1421.303750000  0.000023583
1421.313125000  0.000023588
1421.322500000  0.000023515
1421.331875000  0.000023557
1421.341250000  0.000023507
1421.350625000  0.000023496
1421.360000000  0.000023502
1421.369375000  0.000023473
1421.378750000  0.000023411
1421.388125000  0.000023322
1421.397500000  0.000023336
1421.406875000  0.000023335
1421.416250000  0.000023307
1421.425625000  0.000023279
1421.435000000  0.000023245
1421.444375000  0.000023246
1421.453750000  0.000023207
1421.463125000  0.000023163
1421.472500000  0.000023124
1421.481875000  0.000023060
1421.491250000  0.000023054
1421.500625000  0.000023015
1421.510000000  0.000022933
1421.519375000  0.000022926
1421.528750000  0.000022882
1421.538125000  0.000022825
1421.547500000  0.000022764
1421.556875000  0.000022715
1421.566250000  0.000022684
1421.575625000  0.000022627
1421.585000000  0.000022583
1421.594375000  0.000022530
1421.603750000  0.000022492
1421.613125000  0.000022453
1421.622500000  0.000022405
1421.631875000  0.000022277
1421.641250000  0.000022195
1421.650625000  0.000022094
1421.660000000  0.000022082
1421.669375000  0.000021970
1421.678750000  0.000021901
1421.688125000  0.000021795
1421.697500000  0.000021753
1421.706875000  0.000021624
1421.716250000  0.000021561
1421.725625000  0.000021485
1421.735000000  0.000021383
1421.744375000  0.000021289
1421.753750000  0.000021247
1421.763125000  0.000021194
1421.772500000  0.000021126
1421.781875000  0.000021047
1421.791250000  0.000021041
1421.800625000  0.000020942
1421.810000000  0.000020902
1421.819375000  0.000020825
1421.828750000  0.000020776
1421.838125000  0.000020790
1421.847500000  0.000020725
1421.856875000  0.000020651
1421.866250000  0.000020634
1421.875625000  0.000020610
1421.885000000  0.000020557
1421.894375000  0.000020497
1421.903750000  0.000020464
1421.913125000  0.000020400
1421.922500000  0.000020448
1421.931875000  0.000020410
1421.941250000  0.000020394
1421.950625000  0.000020290
1421.960000000  0.000020339
1421.969375000  0.000020288
1421.978750000  0.000020298
1421.988125000  0.000020187

