30180(500000)
1419.597500000  0.000019906
1419.606875000  0.000019890
1419.616250000  0.000019890
1419.625625000  0.000019889
1419.635000000  0.000019827
1419.644375000  0.000019817
1419.653750000  0.000019842
1419.663125000  0.000019807
1419.672500000  0.000019824
1419.681875000  0.000019796
1419.691250000  0.000019803
1419.700625000  0.000019788
1419.710000000  0.000019799
1419.719375000  0.000019783
1419.728750000  0.000019818
1419.738125000  0.000019791
1419.747500000  0.000019778
1419.756875000  0.000019779
1419.766250000  0.000019745
1419.775625000  0.000019753
1419.785000000  0.000019729
1419.794375000  0.000019775
1419.803750000  0.000019774
1419.813125000  0.000019750
1419.822500000  0.000019752
1419.831875000  0.000019765
1419.841250000  0.000019760
1419.850625000  0.000019756
1419.860000000  0.000019786
1419.869375000  0.000019756
1419.878750000  0.000019749
1419.888125000  0.000019717
1419.897500000  0.000019795
1419.906875000  0.000019761
1419.916250000  0.000019770
1419.925625000  0.000019753
1419.935000000  0.000019784
1419.944375000  0.000019718
1419.953750000  0.000019746
1419.963125000  0.000019746
1419.972500000  0.000019756
1419.981875000  0.000019755
1419.991250000  0.000019778
1420.000625000  0.000019810
1420.010000000  0.000019750
1420.019375000  0.000019764
1420.028750000  0.000019782
1420.038125000  0.000019781
1420.047500000  0.000019725
1420.056875000  0.000019761
1420.066250000  0.000019752
1420.075625000  0.000019778
1420.085000000  0.000019786
1420.094375000  0.000019794
1420.103750000  0.000019777
1420.113125000  0.000019813
1420.122500000  0.000019765
1420.131875000  0.000019803
1420.141250000  0.000019820
1420.150625000  0.000019779
1420.160000000  0.000019786
1420.169375000  0.000019795
1420.178750000  0.000019801
1420.188125000  0.000019782
1420.197500000  0.000019835
1420.206875000  0.000019792
1420.216250000  0.000019809
1420.225625000  0.000019772
1420.235000000  0.000019834
1420.244375000  0.000019831
1420.253750000  0.000019823
1420.263125000  0.000019814
1420.272500000  0.000019850
1420.281875000  0.000019840
1420.291250000  0.000019828
1420.300625000  0.000019873
1420.310000000  0.000019855
1420.319375000  0.000019844
1420.328750000  0.000019810
1420.338125000  0.000019855
1420.347500000  0.000019827
1420.356875000  0.000019853
1420.366250000  0.000019823
1420.375625000  0.000019825
1420.385000000  0.000019830
1420.394375000  0.000019809
1420.403750000  0.000019799
1420.413125000  0.000019863
1420.422500000  0.000019811
1420.431875000  0.000019809
1420.441250000  0.000019861
1420.450625000  0.000019852
1420.460000000  0.000019798
1420.469375000  0.000019845
1420.478750000  0.000019812
1420.488125000  0.000019805
1420.497500000  0.000019823
1420.506875000  0.000019838
1420.516250000  0.000019813
1420.525625000  0.000019837
1420.535000000  0.000019812
1420.544375000  0.000019826
1420.553750000  0.000019897
1420.563125000  0.000019859
1420.572500000  0.000019887
1420.581875000  0.000019840
1420.591250000  0.000019878
1420.600625000  0.000019912
1420.610000000  0.000019881
1420.619375000  0.000019865
1420.628750000  0.000019874
1420.638125000  0.000019877
1420.647500000  0.000019871
1420.656875000  0.000019917
1420.666250000  0.000019869
1420.675625000  0.000019831
1420.685000000  0.000019886
1420.694375000  0.000019869
1420.703750000  0.000019858
1420.713125000  0.000019889
1420.722500000  0.000019896
1420.731875000  0.000019946
1420.741250000  0.000019879
1420.750625000  0.000019853
1420.760000000  0.000019908
1420.769375000  0.000019936
1420.778750000  0.000019880
1420.788125000  0.000019859
1420.797500000  0.000019770
1420.806875000  0.000019829
1420.816250000  0.000019918
1420.825625000  0.000019884
1420.835000000  0.000019897
1420.844375000  0.000019886
1420.853750000  0.000019896
1420.863125000  0.000019918
1420.872500000  0.000019880
1420.881875000  0.000019937
1420.891250000  0.000019911
1420.900625000  0.000019886
1420.910000000  0.000019904
1420.919375000  0.000019913
1420.928750000  0.000019918
1420.938125000  0.000019908
1420.947500000  0.000019949
1420.956875000  0.000019941
1420.966250000  0.000019917
1420.975625000  0.000019923
1420.985000000  0.000019931
1420.994375000  0.000019933
1421.003750000  0.000019916
1421.013125000  0.000019937
1421.022500000  0.000019938
1421.031875000  0.000019926
1421.041250000  0.000019912
1421.050625000  0.000019935
1421.060000000  0.000019945
1421.069375000  0.000019925
1421.078750000  0.000019943
1421.088125000  0.000019946
1421.097500000  0.000019972
1421.106875000  0.000019911
1421.116250000  0.000019971
1421.125625000  0.000019910
1421.135000000  0.000019982
1421.144375000  0.000019974
1421.153750000  0.000019941
1421.163125000  0.000019945
1421.172500000  0.000019937
1421.181875000  0.000019932
1421.191250000  0.000019952
1421.200625000  0.000019967
1421.210000000  0.000019922
1421.219375000  0.000019951
1421.228750000  0.000019936
1421.238125000  0.000019932
1421.247500000  0.000019987
1421.256875000  0.000019916
1421.266250000  0.000019973
1421.275625000  0.000019948
1421.285000000  0.000019963
1421.294375000  0.000019924
1421.303750000  0.000020024
1421.313125000  0.000019991
1421.322500000  0.000019927
1421.331875000  0.000019987
1421.341250000  0.000019957
1421.350625000  0.000019974
1421.360000000  0.000019975
1421.369375000  0.000019981
1421.378750000  0.000019974
1421.388125000  0.000019932
1421.397500000  0.000019958
1421.406875000  0.000019983
1421.416250000  0.000020000
1421.425625000  0.000019991
1421.435000000  0.000019968
1421.444375000  0.000019995
1421.453750000  0.000019978
1421.463125000  0.000020011
1421.472500000  0.000019978
1421.481875000  0.000019956
1421.491250000  0.000019997
1421.500625000  0.000019987
1421.510000000  0.000020003
1421.519375000  0.000019976
1421.528750000  0.000020016
1421.538125000  0.000019994
1421.547500000  0.000020013
1421.556875000  0.000019999
1421.566250000  0.000019989
1421.575625000  0.000020019
1421.585000000  0.000019982
1421.594375000  0.000019986
1421.603750000  0.000019991
1421.613125000  0.000020042
1421.622500000  0.000020035
1421.631875000  0.000019981
1421.641250000  0.000020007
1421.650625000  0.000019978
1421.660000000  0.000020017
1421.669375000  0.000020039
1421.678750000  0.000020039
1421.688125000  0.000020001
1421.697500000  0.000020019
1421.706875000  0.000020009
1421.716250000  0.000019990
1421.725625000  0.000020034
1421.735000000  0.000020002
1421.744375000  0.000020012
1421.753750000  0.000020007
1421.763125000  0.000020044
1421.772500000  0.000020043
1421.781875000  0.000020032
1421.791250000  0.000019998
1421.800625000  0.000020024
1421.810000000  0.000020007
1421.819375000  0.000020020
1421.828750000  0.000020003
1421.838125000  0.000020052
1421.847500000  0.000020024
1421.856875000  0.000020038
1421.866250000  0.000020030
1421.875625000  0.000020058
1421.885000000  0.000019985
1421.894375000  0.000019999
1421.903750000  0.000019984
1421.913125000  0.000019983
1421.922500000  0.000019985
1421.931875000  0.000020012
1421.941250000  0.000019989
1421.950625000  0.000019944
1421.960000000  0.000019997
1421.969375000  0.000019905
1421.978750000  0.000019958
1421.988125000  0.000019895

