442210(500000)
1418.912500000  0.000020707
1418.921875000  0.000020692
1418.931250000  0.000020621
1418.940625000  0.000020609
1418.950000000  0.000020571
1418.959375000  0.000020529
1418.968750000  0.000020487
1418.978125000  0.000020510
1418.987500000  0.000020452
1418.996875000  0.000020426
1419.006250000  0.000020419
1419.015625000  0.000020363
1419.025000000  0.000020388
1419.034375000  0.000020386
1419.043750000  0.000020379
1419.053125000  0.000020354
1419.062500000  0.000020340
1419.071875000  0.000020334
1419.081250000  0.000020334
1419.090625000  0.000020378
1419.100000000  0.000020362
1419.109375000  0.000020379
1419.118750000  0.000020325
1419.128125000  0.000020361
1419.137500000  0.000020356
1419.146875000  0.000020364
1419.156250000  0.000020345
1419.165625000  0.000020365
1419.175000000  0.000020360
1419.184375000  0.000020341
1419.193750000  0.000020375
1419.203125000  0.000020322
1419.212500000  0.000020334
1419.221875000  0.000020359
1419.231250000  0.000020385
1419.240625000  0.000020368
1419.250000000  0.000020316
1419.259375000  0.000020372
1419.268750000  0.000020376
1419.278125000  0.000020344
1419.287500000  0.000020377
1419.296875000  0.000020368
1419.306250000  0.000020406
1419.315625000  0.000020393
1419.325000000  0.000020361
1419.334375000  0.000020372
1419.343750000  0.000020351
1419.353125000  0.000020340
1419.362500000  0.000020381
1419.371875000  0.000020367
1419.381250000  0.000020403
1419.390625000  0.000020367
1419.400000000  0.000020366
1419.409375000  0.000020387
1419.418750000  0.000020370
1419.428125000  0.000020383
1419.437500000  0.000020378
1419.446875000  0.000020348
1419.456250000  0.000020370
1419.465625000  0.000020369
1419.475000000  0.000020390
1419.484375000  0.000020349
1419.493750000  0.000020391
1419.503125000  0.000020357
1419.512500000  0.000020397
1419.521875000  0.000020347
1419.531250000  0.000020373
1419.540625000  0.000020336
1419.550000000  0.000020385
1419.559375000  0.000020377
1419.568750000  0.000020332
1419.578125000  0.000020340
1419.587500000  0.000020359
1419.596875000  0.000020371
1419.606250000  0.000020360
1419.615625000  0.000020373
1419.625000000  0.000020363
1419.634375000  0.000020373
1419.643750000  0.000020391
1419.653125000  0.000020364
1419.662500000  0.000020334
1419.671875000  0.000020343
1419.681250000  0.000020388
1419.690625000  0.000020404
1419.700000000  0.000020376
1419.709375000  0.000020383
1419.718750000  0.000020376
1419.728125000  0.000020361
1419.737500000  0.000020351
1419.746875000  0.000020384
1419.756250000  0.000020398
1419.765625000  0.000020350
1419.775000000  0.000020421
1419.784375000  0.000020371
1419.793750000  0.000020397
1419.803125000  0.000020383
1419.812500000  0.000020354
1419.821875000  0.000020362
1419.831250000  0.000020395
1419.840625000  0.000020368
1419.850000000  0.000020403
1419.859375000  0.000020366
1419.868750000  0.000020413
1419.878125000  0.000020387
1419.887500000  0.000020386
1419.896875000  0.000020393
1419.906250000  0.000020368
1419.915625000  0.000020373
1419.925000000  0.000020420
1419.934375000  0.000020418
1419.943750000  0.000020404
1419.953125000  0.000020419
1419.962500000  0.000020393
1419.971875000  0.000020417
1419.981250000  0.000020411
1419.990625000  0.000020419
1420.000000000  0.000020469
1420.009375000  0.000020450
1420.018750000  0.000020412
1420.028125000  0.000020409
1420.037500000  0.000020411
1420.046875000  0.000020437
1420.056250000  0.000020438
1420.065625000  0.000020495
1420.075000000  0.000020516
1420.084375000  0.000020454
1420.093750000  0.000020478
1420.103125000  0.000020479
1420.112500000  0.000020499
1420.121875000  0.000020545
1420.131250000  0.000020534
1420.140625000  0.000020513
1420.150000000  0.000020538
1420.159375000  0.000020509
1420.168750000  0.000020581
1420.178125000  0.000020552
1420.187500000  0.000020507
1420.196875000  0.000020566
1420.206250000  0.000020555
1420.215625000  0.000020523
1420.225000000  0.000020530
1420.234375000  0.000020596
1420.243750000  0.000020564
1420.253125000  0.000020598
1420.262500000  0.000020621
1420.271875000  0.000020616
1420.281250000  0.000020615
1420.290625000  0.000020623
1420.300000000  0.000020630
1420.309375000  0.000020586
1420.318750000  0.000020646
1420.328125000  0.000020672
1420.337500000  0.000020712
1420.346875000  0.000020666
1420.356250000  0.000020670
1420.365625000  0.000020685
1420.375000000  0.000020667
1420.384375000  0.000020697
1420.393750000  0.000020686
1420.403125000  0.000020681
1420.412500000  0.000020682
1420.421875000  0.000020730
1420.431250000  0.000020695
1420.440625000  0.000020718
1420.450000000  0.000020687
1420.459375000  0.000020739
1420.468750000  0.000020714
1420.478125000  0.000020726
1420.487500000  0.000020785
1420.496875000  0.000020717
1420.506250000  0.000020753
1420.515625000  0.000020803
1420.525000000  0.000020801
1420.534375000  0.000020748
1420.543750000  0.000020778
1420.553125000  0.000020806
1420.562500000  0.000020753
1420.571875000  0.000020786
1420.581250000  0.000020801
1420.590625000  0.000020804
1420.600000000  0.000020881
1420.609375000  0.000020876
1420.618750000  0.000020890
1420.628125000  0.000020857
1420.637500000  0.000020888
1420.646875000  0.000020848
1420.656250000  0.000020954
1420.665625000  0.000020884
1420.675000000  0.000020907
1420.684375000  0.000020918
1420.693750000  0.000020948
1420.703125000  0.000020985
1420.712500000  0.000020980
1420.721875000  0.000020975
1420.731250000  0.000020993
1420.740625000  0.000021045
1420.750000000  0.000021028
1420.759375000  0.000021033
1420.768750000  0.000021068
1420.778125000  0.000021046
1420.787500000  0.000021090
1420.796875000  0.000021141
1420.806250000  0.000021137
1420.815625000  0.000021142
1420.825000000  0.000021185
1420.834375000  0.000021189
1420.843750000  0.000021178
1420.853125000  0.000021220
1420.862500000  0.000021243
1420.871875000  0.000021304
1420.881250000  0.000021301
1420.890625000  0.000021309
1420.900000000  0.000021339
1420.909375000  0.000021313
1420.918750000  0.000021334
1420.928125000  0.000021409
1420.937500000  0.000021430
1420.946875000  0.000021427
1420.956250000  0.000021440
1420.965625000  0.000021445
1420.975000000  0.000021504
1420.984375000  0.000021475
1420.993750000  0.000021514
1421.003125000  0.000021539
1421.012500000  0.000021528
1421.021875000  0.000021522
1421.031250000  0.000021516
1421.040625000  0.000021548
1421.050000000  0.000021507
1421.059375000  0.000021561
1421.068750000  0.000021533
1421.078125000  0.000021505
1421.087500000  0.000021535
1421.096875000  0.000021526
1421.106250000  0.000021487
1421.115625000  0.000021518
1421.125000000  0.000021443
1421.134375000  0.000021404
1421.143750000  0.000021438
1421.153125000  0.000021412
1421.162500000  0.000021386
1421.171875000  0.000021388
1421.181250000  0.000021308
1421.190625000  0.000021318
1421.200000000  0.000021284
1421.209375000  0.000021246
1421.218750000  0.000021171
1421.228125000  0.000021168
1421.237500000  0.000021072
1421.246875000  0.000021078
1421.256250000  0.000020999
1421.265625000  0.000020986
1421.275000000  0.000020940
1421.284375000  0.000020883
1421.293750000  0.000020832
1421.303125000  0.000020782

