485570(500000)
1418.912500000  0.000020309
1418.921875000  0.000020326
1418.931250000  0.000020318
1418.940625000  0.000020303
1418.950000000  0.000020303
1418.959375000  0.000020304
1418.968750000  0.000020290
1418.978125000  0.000020276
1418.987500000  0.000020260
1418.996875000  0.000020260
1419.006250000  0.000020269
1419.015625000  0.000020241
1419.025000000  0.000020238
1419.034375000  0.000020258
1419.043750000  0.000020256
1419.053125000  0.000020208
1419.062500000  0.000020246
1419.071875000  0.000020191
1419.081250000  0.000020182
1419.090625000  0.000020249
1419.100000000  0.000020230
1419.109375000  0.000020251
1419.118750000  0.000020222
1419.128125000  0.000020241
1419.137500000  0.000020226
1419.146875000  0.000020242
1419.156250000  0.000020235
1419.165625000  0.000020273
1419.175000000  0.000020242
1419.184375000  0.000020231
1419.193750000  0.000020216
1419.203125000  0.000020188
1419.212500000  0.000020203
1419.221875000  0.000020232
1419.231250000  0.000020250
1419.240625000  0.000020233
1419.250000000  0.000020194
1419.259375000  0.000020234
1419.268750000  0.000020189
1419.278125000  0.000020207
1419.287500000  0.000020248
1419.296875000  0.000020242
1419.306250000  0.000020240
1419.315625000  0.000020214
1419.325000000  0.000020193
1419.334375000  0.000020253
1419.343750000  0.000020213
1419.353125000  0.000020184
1419.362500000  0.000020241
1419.371875000  0.000020197
1419.381250000  0.000020219
1419.390625000  0.000020246
1419.400000000  0.000020223
1419.409375000  0.000020248
1419.418750000  0.000020207
1419.428125000  0.000020246
1419.437500000  0.000020222
1419.446875000  0.000020232
1419.456250000  0.000020237
1419.465625000  0.000020210
1419.475000000  0.000020220
1419.484375000  0.000020202
1419.493750000  0.000020195
1419.503125000  0.000020244
1419.512500000  0.000020223
1419.521875000  0.000020215
1419.531250000  0.000020205
1419.540625000  0.000020235
1419.550000000  0.000020265
1419.559375000  0.000020226
1419.568750000  0.000020158
1419.578125000  0.000020240
1419.587500000  0.000020220
1419.596875000  0.000020236
1419.606250000  0.000020197
1419.615625000  0.000020223
1419.625000000  0.000020218
1419.634375000  0.000020233
1419.643750000  0.000020263
1419.653125000  0.000020226
1419.662500000  0.000020212
1419.671875000  0.000020204
1419.681250000  0.000020196
1419.690625000  0.000020221
1419.700000000  0.000020210
1419.709375000  0.000020239
1419.718750000  0.000020224
1419.728125000  0.000020227
1419.737500000  0.000020214
1419.746875000  0.000020219
1419.756250000  0.000020247
1419.765625000  0.000020195
1419.775000000  0.000020222
1419.784375000  0.000020236
1419.793750000  0.000020233
1419.803125000  0.000020234
1419.812500000  0.000020213
1419.821875000  0.000020189
1419.831250000  0.000020258
1419.840625000  0.000020222
1419.850000000  0.000020258
1419.859375000  0.000020227
1419.868750000  0.000020198
1419.878125000  0.000020232
1419.887500000  0.000020220
1419.896875000  0.000020240
1419.906250000  0.000020206
1419.915625000  0.000020207
1419.925000000  0.000020222
1419.934375000  0.000020219
1419.943750000  0.000020247
1419.953125000  0.000020182
1419.962500000  0.000020215
1419.971875000  0.000020221
1419.981250000  0.000020199
1419.990625000  0.000020199
1420.000000000  0.000020262
1420.009375000  0.000020222
1420.018750000  0.000020205
1420.028125000  0.000020214
1420.037500000  0.000020156
1420.046875000  0.000020217
1420.056250000  0.000020178
1420.065625000  0.000020239
1420.075000000  0.000020248
1420.084375000  0.000020197
1420.093750000  0.000020231
1420.103125000  0.000020224
1420.112500000  0.000020206
1420.121875000  0.000020217
1420.131250000  0.000020214
1420.140625000  0.000020236
1420.150000000  0.000020204
1420.159375000  0.000020196
1420.168750000  0.000020237
1420.178125000  0.000020207
1420.187500000  0.000020195
1420.196875000  0.000020230
1420.206250000  0.000020215
1420.215625000  0.000020200
1420.225000000  0.000020180
1420.234375000  0.000020220
1420.243750000  0.000020180
1420.253125000  0.000020229
1420.262500000  0.000020225
1420.271875000  0.000020240
1420.281250000  0.000020199
1420.290625000  0.000020217
1420.300000000  0.000020227
1420.309375000  0.000020201
1420.318750000  0.000020208
1420.328125000  0.000020209
1420.337500000  0.000020220
1420.346875000  0.000020187
1420.356250000  0.000020197
1420.365625000  0.000020210
1420.375000000  0.000020168
1420.384375000  0.000020201
1420.393750000  0.000020191
1420.403125000  0.000020173
1420.412500000  0.000020172
1420.421875000  0.000020175
1420.431250000  0.000020142
1420.440625000  0.000020185
1420.450000000  0.000020141
1420.459375000  0.000020182
1420.468750000  0.000020152
1420.478125000  0.000020147
1420.487500000  0.000020152
1420.496875000  0.000020159
1420.506250000  0.000020130
1420.515625000  0.000020165
1420.525000000  0.000020145
1420.534375000  0.000020154
1420.543750000  0.000020183
1420.553125000  0.000020159
1420.562500000  0.000020143
1420.571875000  0.000020145
1420.581250000  0.000020147
1420.590625000  0.000020153
1420.600000000  0.000020218
1420.609375000  0.000020189
1420.618750000  0.000020195
1420.628125000  0.000020163
1420.637500000  0.000020191
1420.646875000  0.000020207
1420.656250000  0.000020225
1420.665625000  0.000020166
1420.675000000  0.000020179
1420.684375000  0.000020168
1420.693750000  0.000020189
1420.703125000  0.000020191
1420.712500000  0.000020189
1420.721875000  0.000020165
1420.731250000  0.000020184
1420.740625000  0.000020178
1420.750000000  0.000020187
1420.759375000  0.000020184
1420.768750000  0.000020172
1420.778125000  0.000020163
1420.787500000  0.000020194
1420.796875000  0.000020325
1420.806250000  0.000020213
1420.815625000  0.000020229
1420.825000000  0.000020198
1420.834375000  0.000020203
1420.843750000  0.000020210
1420.853125000  0.000020238
1420.862500000  0.000020213
1420.871875000  0.000020231
1420.881250000  0.000020237
1420.890625000  0.000020230
1420.900000000  0.000020221
1420.909375000  0.000020210
1420.918750000  0.000020249
1420.928125000  0.000020255
1420.937500000  0.000020279
1420.946875000  0.000020286
1420.956250000  0.000020262
1420.965625000  0.000020276
1420.975000000  0.000020306
1420.984375000  0.000020338
1420.993750000  0.000020331
1421.003125000  0.000020368
1421.012500000  0.000020356
1421.021875000  0.000020386
1421.031250000  0.000020317
1421.040625000  0.000020433
1421.050000000  0.000020425
1421.059375000  0.000020393
1421.068750000  0.000020433
1421.078125000  0.000020363
1421.087500000  0.000020426
1421.096875000  0.000020466
1421.106250000  0.000020398
1421.115625000  0.000020457
1421.125000000  0.000020430
1421.134375000  0.000020415
1421.143750000  0.000020462
1421.153125000  0.000020425
1421.162500000  0.000020484
1421.171875000  0.000020480
1421.181250000  0.000020444
1421.190625000  0.000020485
1421.200000000  0.000020460
1421.209375000  0.000020440
1421.218750000  0.000020437
1421.228125000  0.000020465
1421.237500000  0.000020423
1421.246875000  0.000020412
1421.256250000  0.000020403
1421.265625000  0.000020394
1421.275000000  0.000020386
1421.284375000  0.000020380
1421.293750000  0.000020400
1421.303125000  0.000020389

