417860(500000)
1419.597500000  0.000019917
1419.606875000  0.000019915
1419.616250000  0.000019884
1419.625625000  0.000019885
1419.635000000  0.000019832
1419.644375000  0.000019854
1419.653750000  0.000019853
1419.663125000  0.000019816
1419.672500000  0.000019822
1419.681875000  0.000019774
1419.691250000  0.000019767
1419.700625000  0.000019752
1419.710000000  0.000019748
1419.719375000  0.000019726
1419.728750000  0.000019754
1419.738125000  0.000019722
1419.747500000  0.000019741
1419.756875000  0.000019724
1419.766250000  0.000019671
1419.775625000  0.000019685
1419.785000000  0.000019653
1419.794375000  0.000019734
1419.803750000  0.000019727
1419.813125000  0.000019677
1419.822500000  0.000019652
1419.831875000  0.000019691
1419.841250000  0.000019686
1419.850625000  0.000019699
1419.860000000  0.000019694
1419.869375000  0.000019664
1419.878750000  0.000019677
1419.888125000  0.000019664
1419.897500000  0.000019691
1419.906875000  0.000019692
1419.916250000  0.000019686
1419.925625000  0.000019705
1419.935000000  0.000019720
1419.944375000  0.000019666
1419.953750000  0.000019668
1419.963125000  0.000019709
1419.972500000  0.000019674
1419.981875000  0.000019687
1419.991250000  0.000019752
1420.000625000  0.000019765
1420.010000000  0.000019700
1420.019375000  0.000019691
1420.028750000  0.000019709
1420.038125000  0.000019708
1420.047500000  0.000019674
1420.056875000  0.000019700
1420.066250000  0.000019678
1420.075625000  0.000019737
1420.085000000  0.000019735
1420.094375000  0.000019774
1420.103750000  0.000019686
1420.113125000  0.000019721
1420.122500000  0.000019748
1420.131875000  0.000019745
1420.141250000  0.000019752
1420.150625000  0.000019708
1420.160000000  0.000019718
1420.169375000  0.000019736
1420.178750000  0.000019736
1420.188125000  0.000019750
1420.197500000  0.000019782
1420.206875000  0.000019753
1420.216250000  0.000019744
1420.225625000  0.000019711
1420.235000000  0.000019809
1420.244375000  0.000019795
1420.253750000  0.000019741
1420.263125000  0.000019752
1420.272500000  0.000019782
1420.281875000  0.000019751
1420.291250000  0.000019774
1420.300625000  0.000019798
1420.310000000  0.000019766
1420.319375000  0.000019782
1420.328750000  0.000019735
1420.338125000  0.000019803
1420.347500000  0.000019766
1420.356875000  0.000019799
1420.366250000  0.000019787
1420.375625000  0.000019785
1420.385000000  0.000019785
1420.394375000  0.000019763
1420.403750000  0.000019743
1420.413125000  0.000019778
1420.422500000  0.000019761
1420.431875000  0.000019764
1420.441250000  0.000019798
1420.450625000  0.000019771
1420.460000000  0.000019771
1420.469375000  0.000019808
1420.478750000  0.000019785
1420.488125000  0.000019777
1420.497500000  0.000019795
1420.506875000  0.000019806
1420.516250000  0.000019800
1420.525625000  0.000019796
1420.535000000  0.000019791
1420.544375000  0.000019810
1420.553750000  0.000019825
1420.563125000  0.000019859
1420.572500000  0.000019831
1420.581875000  0.000019838
1420.591250000  0.000019822
1420.600625000  0.000019885
1420.610000000  0.000019833
1420.619375000  0.000019870
1420.628750000  0.000019862
1420.638125000  0.000019844
1420.647500000  0.000019848
1420.656875000  0.000019887
1420.666250000  0.000019847
1420.675625000  0.000019812
1420.685000000  0.000019850
1420.694375000  0.000019843
1420.703750000  0.000019847
1420.713125000  0.000019876
1420.722500000  0.000019931
1420.731875000  0.000019901
1420.741250000  0.000019865
1420.750625000  0.000019836
1420.760000000  0.000019884
1420.769375000  0.000019871
1420.778750000  0.000019846
1420.788125000  0.000019857
1420.797500000  0.000019759
1420.806875000  0.000019819
1420.816250000  0.000019903
1420.825625000  0.000019871
1420.835000000  0.000019901
1420.844375000  0.000019893
1420.853750000  0.000019895
1420.863125000  0.000019891
1420.872500000  0.000019873
1420.881875000  0.000019900
1420.891250000  0.000019878
1420.900625000  0.000019890
1420.910000000  0.000019911
1420.919375000  0.000019934
1420.928750000  0.000019922
1420.938125000  0.000019924
1420.947500000  0.000019931
1420.956875000  0.000019944
1420.966250000  0.000019926
1420.975625000  0.000019929
1420.985000000  0.000019938
1420.994375000  0.000019966
1421.003750000  0.000019915
1421.013125000  0.000019921
1421.022500000  0.000019999
1421.031875000  0.000019939
1421.041250000  0.000019938
1421.050625000  0.000019926
1421.060000000  0.000019906
1421.069375000  0.000019936
1421.078750000  0.000019954
1421.088125000  0.000019975
1421.097500000  0.000019953
1421.106875000  0.000019916
1421.116250000  0.000019980
1421.125625000  0.000019922
1421.135000000  0.000019973
1421.144375000  0.000019969
1421.153750000  0.000019970
1421.163125000  0.000019948
1421.172500000  0.000019940
1421.181875000  0.000019964
1421.191250000  0.000019964
1421.200625000  0.000019986
1421.210000000  0.000019969
1421.219375000  0.000019972
1421.228750000  0.000019978
1421.238125000  0.000019958
1421.247500000  0.000020001
1421.256875000  0.000019947
1421.266250000  0.000020005
1421.275625000  0.000019999
1421.285000000  0.000019980
1421.294375000  0.000019983
1421.303750000  0.000020002
1421.313125000  0.000020002
1421.322500000  0.000019972
1421.331875000  0.000019993
1421.341250000  0.000019982
1421.350625000  0.000020017
1421.360000000  0.000019998
1421.369375000  0.000020043
1421.378750000  0.000020004
1421.388125000  0.000019965
1421.397500000  0.000020026
1421.406875000  0.000020011
1421.416250000  0.000020041
1421.425625000  0.000020024
1421.435000000  0.000019998
1421.444375000  0.000020031
1421.453750000  0.000020034
1421.463125000  0.000020009
1421.472500000  0.000020033
1421.481875000  0.000020003
1421.491250000  0.000020055
1421.500625000  0.000020028
1421.510000000  0.000020048
1421.519375000  0.000020040
1421.528750000  0.000020037
1421.538125000  0.000020025
1421.547500000  0.000020086
1421.556875000  0.000020069
1421.566250000  0.000020014
1421.575625000  0.000020063
1421.585000000  0.000020041
1421.594375000  0.000020057
1421.603750000  0.000020058
1421.613125000  0.000020048
1421.622500000  0.000020077
1421.631875000  0.000020026
1421.641250000  0.000020041
1421.650625000  0.000020039
1421.660000000  0.000020074
1421.669375000  0.000020046
1421.678750000  0.000020065
1421.688125000  0.000020035
1421.697500000  0.000020060
1421.706875000  0.000020073
1421.716250000  0.000020057
1421.725625000  0.000020100
1421.735000000  0.000020096
1421.744375000  0.000020019
1421.753750000  0.000020083
1421.763125000  0.000020048
1421.772500000  0.000020067
1421.781875000  0.000020075
1421.791250000  0.000020064
1421.800625000  0.000020071
1421.810000000  0.000020082
1421.819375000  0.000020061
1421.828750000  0.000020065
1421.838125000  0.000020076
1421.847500000  0.000020085
1421.856875000  0.000020043
1421.866250000  0.000020072
1421.875625000  0.000020102
1421.885000000  0.000020107
1421.894375000  0.000020061
1421.903750000  0.000020042
1421.913125000  0.000020012
1421.922500000  0.000020080
1421.931875000  0.000020028
1421.941250000  0.000020026
1421.950625000  0.000019959
1421.960000000  0.000020024
1421.969375000  0.000019994
1421.978750000  0.000019967
1421.988125000  0.000019913

