102110(500000)
1418.912500000  0.000020148
1418.921875000  0.000020175
1418.931250000  0.000020189
1418.940625000  0.000020157
1418.950000000  0.000020172
1418.959375000  0.000020143
1418.968750000  0.000020144
1418.978125000  0.000020139
1418.987500000  0.000020124
1418.996875000  0.000020141
1419.006250000  0.000020127
1419.015625000  0.000020100
1419.025000000  0.000020097
1419.034375000  0.000020088
1419.043750000  0.000020119
1419.053125000  0.000020076
1419.062500000  0.000020075
1419.071875000  0.000020061
1419.081250000  0.000020024
1419.090625000  0.000020096
1419.100000000  0.000020080
1419.109375000  0.000020078
1419.118750000  0.000020054
1419.128125000  0.000020113
1419.137500000  0.000020056
1419.146875000  0.000020079
1419.156250000  0.000020075
1419.165625000  0.000020095
1419.175000000  0.000020044
1419.184375000  0.000020036
1419.193750000  0.000020069
1419.203125000  0.000020019
1419.212500000  0.000020047
1419.221875000  0.000020086
1419.231250000  0.000020059
1419.240625000  0.000020042
1419.250000000  0.000019984
1419.259375000  0.000020021
1419.268750000  0.000020048
1419.278125000  0.000020024
1419.287500000  0.000020045
1419.296875000  0.000020060
1419.306250000  0.000020065
1419.315625000  0.000020061
1419.325000000  0.000020038
1419.334375000  0.000020044
1419.343750000  0.000020037
1419.353125000  0.000020017
1419.362500000  0.000020067
1419.371875000  0.000020019
1419.381250000  0.000020055
1419.390625000  0.000020039
1419.400000000  0.000020011
1419.409375000  0.000020054
1419.418750000  0.000020033
1419.428125000  0.000020045
1419.437500000  0.000020048
1419.446875000  0.000020053
1419.456250000  0.000020026
1419.465625000  0.000020031
1419.475000000  0.000020037
1419.484375000  0.000019999
1419.493750000  0.000020035
1419.503125000  0.000020020
1419.512500000  0.000020065
1419.521875000  0.000020015
1419.531250000  0.000020024
1419.540625000  0.000020042
1419.550000000  0.000020056
1419.559375000  0.000020056
1419.568750000  0.000020009
1419.578125000  0.000020033
1419.587500000  0.000020077
1419.596875000  0.000020017
1419.606250000  0.000020025
1419.615625000  0.000020046
1419.625000000  0.000020044
1419.634375000  0.000020042
1419.643750000  0.000020067
1419.653125000  0.000020044
1419.662500000  0.000020025
1419.671875000  0.000020024
1419.681250000  0.000020014
1419.690625000  0.000020062
1419.700000000  0.000020045
1419.709375000  0.000020034
1419.718750000  0.000020029
1419.728125000  0.000020043
1419.737500000  0.000019993
1419.746875000  0.000020043
1419.756250000  0.000020026
1419.765625000  0.000020013
1419.775000000  0.000020058
1419.784375000  0.000020020
1419.793750000  0.000020048
1419.803125000  0.000020036
1419.812500000  0.000020044
1419.821875000  0.000020041
1419.831250000  0.000020020
1419.840625000  0.000020042
1419.850000000  0.000020056
1419.859375000  0.000020037
1419.868750000  0.000020023
1419.878125000  0.000020010
1419.887500000  0.000020019
1419.896875000  0.000020044
1419.906250000  0.000020010
1419.915625000  0.000020056
1419.925000000  0.000020031
1419.934375000  0.000020048
1419.943750000  0.000020038
1419.953125000  0.000020017
1419.962500000  0.000020009
1419.971875000  0.000020023
1419.981250000  0.000020014
1419.990625000  0.000020005
1420.000000000  0.000020087
1420.009375000  0.000020039
1420.018750000  0.000020027
1420.028125000  0.000020030
1420.037500000  0.000019992
1420.046875000  0.000020031
1420.056250000  0.000020020
1420.065625000  0.000020056
1420.075000000  0.000020091
1420.084375000  0.000020032
1420.093750000  0.000020025
1420.103125000  0.000020059
1420.112500000  0.000020022
1420.121875000  0.000020041
1420.131250000  0.000019972
1420.140625000  0.000020001
1420.150000000  0.000020026
1420.159375000  0.000020022
1420.168750000  0.000020059
1420.178125000  0.000020035
1420.187500000  0.000020003
1420.196875000  0.000020011
1420.206250000  0.000020000
1420.215625000  0.000020007
1420.225000000  0.000019981
1420.234375000  0.000020009
1420.243750000  0.000020027
1420.253125000  0.000020045
1420.262500000  0.000020020
1420.271875000  0.000020034
1420.281250000  0.000019998
1420.290625000  0.000020022
1420.300000000  0.000020033
1420.309375000  0.000020012
1420.318750000  0.000020021
1420.328125000  0.000020021
1420.337500000  0.000020039
1420.346875000  0.000020012
1420.356250000  0.000020038
1420.365625000  0.000020027
1420.375000000  0.000020017
1420.384375000  0.000019986
1420.393750000  0.000020003
1420.403125000  0.000019999
1420.412500000  0.000019943
1420.421875000  0.000019992
1420.431250000  0.000019988
1420.440625000  0.000020013
1420.450000000  0.000019943
1420.459375000  0.000019977
1420.468750000  0.000019959
1420.478125000  0.000019928
1420.487500000  0.000019986
1420.496875000  0.000019973
1420.506250000  0.000019940
1420.515625000  0.000020001
1420.525000000  0.000019992
1420.534375000  0.000019951
1420.543750000  0.000019958
1420.553125000  0.000019943
1420.562500000  0.000019932
1420.571875000  0.000019960
1420.581250000  0.000019967
1420.590625000  0.000019923
1420.600000000  0.000019979
1420.609375000  0.000019982
1420.618750000  0.000019986
1420.628125000  0.000019979
1420.637500000  0.000019962
1420.646875000  0.000019978
1420.656250000  0.000020009
1420.665625000  0.000019939
1420.675000000  0.000019948
1420.684375000  0.000019950
1420.693750000  0.000019959
1420.703125000  0.000019978
1420.712500000  0.000019962
1420.721875000  0.000019899
1420.731250000  0.000019944
1420.740625000  0.000019984
1420.750000000  0.000019910
1420.759375000  0.000019928
1420.768750000  0.000019941
1420.778125000  0.000019914
1420.787500000  0.000019905
1420.796875000  0.000020076
1420.806250000  0.000019938
1420.815625000  0.000019949
1420.825000000  0.000019917
1420.834375000  0.000019904
1420.843750000  0.000019908
1420.853125000  0.000019932
1420.862500000  0.000019889
1420.871875000  0.000019951
1420.881250000  0.000019912
1420.890625000  0.000019916
1420.900000000  0.000019911
1420.909375000  0.000019878
1420.918750000  0.000019875
1420.928125000  0.000019921
1420.937500000  0.000019923
1420.946875000  0.000019937
1420.956250000  0.000019930
1420.965625000  0.000019955
1420.975000000  0.000019984
1420.984375000  0.000019967
1420.993750000  0.000019974
1421.003125000  0.000019973
1421.012500000  0.000019952
1421.021875000  0.000019984
1421.031250000  0.000019937
1421.040625000  0.000020016
1421.050000000  0.000020033
1421.059375000  0.000020055
1421.068750000  0.000020040
1421.078125000  0.000019992
1421.087500000  0.000020045
1421.096875000  0.000020094
1421.106250000  0.000020045
1421.115625000  0.000020057
1421.125000000  0.000020076
1421.134375000  0.000020061
1421.143750000  0.000020105
1421.153125000  0.000020153
1421.162500000  0.000020166
1421.171875000  0.000020165
1421.181250000  0.000020167
1421.190625000  0.000020193
1421.200000000  0.000020181
1421.209375000  0.000020175
1421.218750000  0.000020202
1421.228125000  0.000020224
1421.237500000  0.000020144
1421.246875000  0.000020187
1421.256250000  0.000020222
1421.265625000  0.000020225
1421.275000000  0.000020221
1421.284375000  0.000020229
1421.293750000  0.000020194
1421.303125000  0.000020170

